Algorithm: Bitonic Sort
Input Size: 16384
Iterations: 2
Average User Time: .212s
Average System Time: .246s
=======================================
Unsorted array: 3888 7672 6100 541 3256 5229 1534 1266 1131 3489 4187 8829 1362 3738 6931 364 3211 8600 6018 6912 4622 3562 4559 5932 6506 3768 4560 1647 1187 2325 1954 4000 8393 671 2898 3495 1211 2237 2766 1463 2602 5349 7424 1276 1230 2472 1208 1659 3367 1453 1658 6490 9222 4574 5327 6307 2036 8782 9211 887 2512 9062 2638 3910 583 9671 6147 6356 9727 1482 1914 3401 4728 3084 1500 3051 9441 2210 3706 3138 628 5899 2036 2326 1142 9710 6674 1128 4805 6348 305 9875 9883 8441 17 4024 1804 2272 6983 2064 ...
Sorted array: 1 3 6 8 13 15 21 22 24 28 31 32 39 43 47 49 54 56 58 60 62 66 71 72 72 73 74 74 78 82 89 93 97 97 102 102 103 107 114 117 118 124 126 133 144 149 154 156 160 165 166 172 174 177 182 182 186 191 197 206 206 208 208 216 220 221 227 228 230 235 238 238 239 240 240 240 242 248 248 253 254 258 261 264 265 266 271 281 290 293 317 319 321 326 329 329 331 331 337 338 ...

=======================================
