Algorithm: Bitonic Sort
Input Size: 4096
Iterations: 2
Average User Time: .335s
Average System Time: .278s
=======================================
Unsorted array: 4346 5586 3149 7300 6109 7356 1053 1565 1030 861 7683 210 8002 5183 3181 1143 3754 3271 6079 6609 7889 8148 3749 2716 6543 1180 8980 8926 1130 652 945 6127 4323 2172 2264 6909 2953 116 1109 9810 5738 200 1936 459 8014 9311 7166 3100 6103 2654 6969 5011 405 2682 4370 7490 4269 82 4626 2283 7070 8065 9029 4727 1752 8640 1244 1840 602 6382 7603 5803 8512 4437 2520 8532 5167 5173 7554 1438 159 877 708 265 9027 479 3221 5895 9150 5646 2128 6383 1915 9087 9086 7119 1194 8967 4371 5108 ...
Sorted array: 4 15 23 43 55 68 89 102 107 112 112 119 128 129 183 194 212 221 223 224 244 278 283 286 303 340 343 347 355 388 390 421 425 460 480 488 495 505 514 533 536 539 546 621 627 638 687 687 691 702 724 735 771 785 792 821 828 840 841 843 869 878 887 888 899 913 922 923 964 1003 1004 1014 1016 1052 1071 1083 1091 1110 1130 1134 1150 1153 1181 1190 1197 1212 1218 1230 1241 1246 1259 1265 1269 1273 1294 1299 1313 1320 1323 1336 ...

=======================================
