Algorithm: Bitonic Sort
Input Size: 1024
Iterations: 5
Average User Time: .212s
Average System Time: .251s
=======================================
Unsorted array: 3639 7045 6469 8878 424 6461 4210 2429 3277 7108 9609 9086 6579 1942 3186 1841 7950 6946 7586 8963 8697 1740 6493 8322 5796 5973 7181 7781 6419 4971 3460 5746 4930 4858 1503 4181 5209 7365 853 2931 914 3134 5875 2617 1437 9605 9945 556 7093 3606 1734 4569 4842 5136 4570 8231 1610 686 9328 9508 306 1371 2667 6893 2849 1943 7281 9390 4473 2697 7753 738 8515 5109 2073 4849 2507 8798 685 3182 2479 8909 8792 1709 2291 9648 1876 217 646 26 75 6759 7127 8219 7919 2524 1401 4288 2172 3678 ...
Sorted array: 1 4 58 88 110 178 231 250 314 346 439 449 454 497 582 634 659 693 873 960 1048 1157 1247 1305 1306 1404 1475 1508 1591 1721 1844 1863 1876 1882 1923 1942 1943 1985 2049 2085 2106 2138 2166 2263 2272 2406 2408 2484 2507 2697 2714 2729 2747 2767 2789 2984 3001 3027 3361 3415 3450 3598 3626 3630 3684 3829 3897 3980 3981 4057 4094 4137 4204 4238 4386 4428 4681 4714 4742 5034 5060 5088 5252 5362 5532 5665 5680 5720 5808 5839 6022 6033 6197 6340 6394 6469 6489 6546 6592 6694 ...

=======================================
