Algorithm: Bitonic Sort
Input Size: 65536
Iterations: 5
Average User Time: .224s
Average System Time: .339s
=======================================
Unsorted array: 1055 8475 4669 540 177 2213 2446 1563 1674 6643 7156 8134 7508 1287 6251 515 3231 2470 4161 9080 4997 4523 6209 8337 2708 3102 460 3349 23 3057 7336 6723 3151 3269 4567 5154 2475 3780 5037 7137 144 6000 3659 5867 8029 583 8978 4938 4565 9088 1389 6057 7244 7709 9307 1586 3527 6217 933 1065 7416 4507 9229 4959 3846 7716 5565 1100 5107 7747 6009 8395 5818 6789 1315 1807 2156 9495 9736 9312 1665 7419 5570 4171 1332 876 1512 9416 5005 2313 3710 8745 9297 7239 559 395 4533 620 3138 3808 ...
Sorted array: 0 0 0 1 2 4 4 4 5 5 6 6 7 8 8 9 9 10 10 11 12 13 13 13 14 15 17 17 17 20 21 21 22 23 26 26 26 27 28 30 30 31 33 34 34 34 35 36 36 37 38 38 39 39 40 40 40 41 41 44 44 45 45 45 46 50 53 54 55 55 55 56 57 60 60 61 65 67 67 67 68 69 69 71 71 72 72 72 73 73 75 77 77 78 78 79 80 81 82 83 ...

=======================================
