Algorithm: Bitonic Sort
Cores: 8
Input Size: 65536
Iterations: 2
User Time (Max): .027s
System Time: .278s
=======================================
Unsorted array: 155 7606 7503 616 6529 9844 876 6870 7330 9339 3681 7624 7214 5234 3680 7141 4517 5805 40 3345 8402 7800 2768 6967 5347 3476 4637 1303 882 4361 7626 1741 1011 9219 5067 7845 7564 3844 9680 7427 5740 3152 1851 4479 183 3500 4139 2446 7094 7612 915 2248 137 3919 463 2658 15 6081 3915 5760 7629 9218 3420 3179 5070 2604 560 4854 1166 5020 4997 3525 181 197 9583 4803 4089 779 6840 4772 8124 6518 8742 9288 7412 708 5232 4935 5825 4203 754 4520 8269 8074 5418 1055 1000 1222 4785 5098 ...
Sorted array: 0 0 0 2 3 3 4 4 6 6 6 7 8 9 9 11 13 13 14 14 14 16 16 18 19 20 21 21 21 23 23 26 26 26 27 27 28 29 30 30 31 32 33 33 34 35 36 36 40 40 41 46 47 47 48 48 49 49 50 50 51 51 54 54 54 55 56 56 57 58 58 58 59 59 61 61 63 65 68 68 69 70 71 72 72 74 75 76 77 79 81 82 82 83 86 86 86 87 88 88 ...

=======================================
